4.254469894548709938e-15 3.318424909597386195e-15 3.958798970833488092e-15 6.831274228791122231e-15 9.983941978721280846e-15 1.378418549376000263e-14 1.775675498653448390e-14 2.196643587349672338e-14 2.633766308891637090e-14
3.318424909597386195e-15 1.199219861764255678e-14 1.481804849054570846e-14 1.890462421745364924e-14 2.794167094530879184e-14 3.860600959627968585e-14 5.015779004418218522e-14 6.253916605447001529e-14 7.468811616264777688e-14
3.958798970833488092e-15 1.481804849054570846e-14 3.222073417144517356e-14 4.562399362036202660e-14 6.083285512088432718e-14 8.289794340781888952e-14 1.085982409693911433e-13 1.364055531372114700e-13 1.640338816496238359e-13
6.831274228791122231e-15 1.890462421745364924e-14 4.562399362036202660e-14 8.480070748121468904e-14 1.199717672376201355e-13 1.600987336275680206e-13 2.062430715940896042e-13 2.626874240857156557e-13 3.194257812521209339e-13
9.983941978721280846e-15 2.794167094530879184e-14 6.083285512088432718e-14 1.199717672376201355e-13 1.911772458027528182e-13 2.647576038444876992e-13 3.440233958907421353e-13 4.345750732713693120e-13 5.313644705610528050e-13
1.378418549376000263e-14 3.860600959627968585e-14 8.289794340781888952e-14 1.600987336275680206e-13 2.647576038444876992e-13 3.937680758127217608e-13 5.242124898163970933e-13 6.716551066962493900e-13 8.235197162551902015e-13
1.775675498653448390e-14 5.015779004418218522e-14 1.085982409693911433e-13 2.062430715940896042e-13 3.440233958907421353e-13 5.242124898163970933e-13 7.303434624741501772e-13 9.524831817277965817e-13 1.183327135357583565e-12
2.196643587349672338e-14 6.253916605447001529e-14 1.364055531372114700e-13 2.626874240857156557e-13 4.345750732713693120e-13 6.716551066962493900e-13 9.524831817277965817e-13 1.286235150649045983e-12 1.623152987130029247e-12
2.633766308891637090e-14 7.468811616264777688e-14 1.640338816496238359e-13 3.194257812521209339e-13 5.313644705610528050e-13 8.235197162551902015e-13 1.183327135357583565e-12 1.623152987130029247e-12 2.099813706066894236e-12
