1.714104214338748937e-12 4.364277743233950136e-12 4.751496996401850349e-12 8.688602080288325136e-12 1.213253626644759283e-11 1.459509495359952873e-11 1.617239025640039002e-11 1.513510757877015305e-11 1.116175612446727961e-11
4.364277743233950136e-12 1.961046941594216491e-11 2.351312782560799709e-11 3.701877430691374868e-11 5.108200134665141759e-11 5.614061720948781367e-11 6.239382219837137836e-11 7.255400627909408280e-11 7.636125451755460039e-11
4.751496996401850349e-12 2.351312782560799709e-11 3.884071442955770674e-11 5.836534818939596871e-11 7.677755437769068266e-11 8.940825618135691245e-11 1.031241609330849074e-10 1.245461085893355302e-10 1.361232109782721784e-10
8.688602080288325136e-12 3.701877430691374868e-11 5.836534818939596871e-11 1.020228757050169048e-10 1.374590702914129403e-10 1.610151905684433821e-10 1.772666300174865775e-10 1.992489707338543446e-10 1.983674899674123095e-10
1.213253626644759283e-11 5.108200134665141759e-11 7.677755437769068266e-11 1.374590702914129403e-10 2.037213073327153912e-10 2.479904073228794286e-10 2.634366330388134197e-10 2.756056259340664550e-10 2.501569458251746796e-10
1.459509495359952873e-11 5.614061720948781367e-11 8.940825618135691245e-11 1.610151905684433821e-10 2.479904073228794286e-10 3.163185323681631549e-10 3.360420709050287285e-10 3.412514771940560844e-10 2.928316988595146855e-10
1.617239025640039002e-11 6.239382219837137836e-11 1.031241609330849074e-10 1.772666300174865775e-10 2.634366330388134197e-10 3.360420709050287285e-10 3.748775622762116108e-10 4.181412124435456359e-10 4.001163404835777387e-10
1.513510757877015305e-11 7.255400627909408280e-11 1.245461085893355302e-10 1.992489707338543446e-10 2.756056259340664550e-10 3.412514771940560844e-10 4.181412124435456359e-10 5.788514868259539698e-10 6.736984403300309393e-10
1.116175612446727961e-11 7.636125451755460039e-11 1.361232109782721784e-10 1.983674899674123095e-10 2.501569458251746796e-10 2.928316988595146855e-10 4.001163404835777387e-10 6.736984403300309393e-10 8.980301639689600644e-10
