1.716299120021734013e-12 4.408804321010741790e-12 4.761082440526413076e-12 8.687727814420234491e-12 1.215610968226050897e-11 1.461440666681029178e-11 1.620287764632382031e-11 1.528086807424730017e-11 1.143059834320103019e-11
4.408804321010741790e-12 1.985427750662641006e-11 2.362851373192297261e-11 3.706278119289910884e-11 5.133937934604030511e-11 5.646346204812658917e-11 6.289647931365172804e-11 7.360592660486501029e-11 7.787534756681449246e-11
4.761082440526413076e-12 2.362851373192297261e-11 3.886521193803536969e-11 5.834466622924533352e-11 7.654187054810597328e-11 8.902540910402154969e-11 1.031143330455245509e-10 1.255250601330175668e-10 1.380375029419379523e-10
8.687727814420234491e-12 3.706278119289910884e-11 5.834466622924533352e-11 1.018089506087670969e-10 1.368909303080632944e-10 1.603298365478858311e-10 1.771858239029801191e-10 2.006927565578738907e-10 2.013266788849755404e-10
1.215610968226050897e-11 5.133937934604030511e-11 7.654187054810597328e-11 1.368909303080632944e-10 2.023904505467289548e-10 2.457803153859143012e-10 2.619954354397948273e-10 2.766852613673660846e-10 2.539159081270577632e-10
1.461440666681029178e-11 5.646346204812658917e-11 8.902540910402154969e-11 1.603298365478858311e-10 2.457803153859143012e-10 3.124493345947845629e-10 3.332188888917248874e-10 3.420794931798845454e-10 2.976653118771705545e-10
1.620287764632382031e-11 6.289647931365172804e-11 1.031143330455245509e-10 1.771858239029801191e-10 2.619954354397948273e-10 3.332188888917248874e-10 3.731883073847546523e-10 4.201371308524548515e-10 4.059281103356892492e-10
1.528086807424730017e-11 7.360592660486501029e-11 1.255250601330175668e-10 2.006927565578738907e-10 2.766852613673660846e-10 3.420794931798845454e-10 4.201371308524548515e-10 5.836299708752724287e-10 6.807175623006003079e-10
1.143059834320103019e-11 7.787534756681449246e-11 1.380375029419379523e-10 2.013266788849755404e-10 2.539159081270577632e-10 2.976653118771705545e-10 4.059281103356892492e-10 6.807175623006003079e-10 9.050195448842801032e-10
