1.729848498500021745e-12 4.357140223809612256e-12 4.725013265000628528e-12 8.709995487292995694e-12 1.209864557503789988e-11 1.455060736364742757e-11 1.602857314656369507e-11 1.469737865789108227e-11 1.045210672541834226e-11
4.357140223809612256e-12 1.938807077466005042e-11 2.311922103129586743e-11 3.675044932322946109e-11 5.040542778046547145e-11 5.520889941650943330e-11 6.112241987487085634e-11 7.068579603551826317e-11 7.412330111633675979e-11
4.725013265000628528e-12 2.311922103129586743e-11 3.823813889868371356e-11 5.770589032693621533e-11 7.521583006753856981e-11 8.715465469394703428e-11 1.007478040463357886e-10 1.221154151508890240e-10 1.342306146991957809e-10
8.709995487292995694e-12 3.675044932322946109e-11 5.770589032693621533e-11 1.011772772617930397e-10 1.353016198006987853e-10 1.575146697906005997e-10 1.733559742307701289e-10 1.948784251725038045e-10 1.949490084594104306e-10
1.209864557503789988e-11 5.040542778046547145e-11 7.521583006753856981e-11 1.353016198006987853e-10 1.991916870595227121e-10 2.412392030448525479e-10 2.558544809230026123e-10 2.671829591764970885e-10 2.431492222771417058e-10
1.455060736364742757e-11 5.520889941650943330e-11 8.715465469394703428e-11 1.575146697906005997e-10 2.412392030448525479e-10 3.066054788113514019e-10 3.253384426011431736e-10 3.294149932099237923e-10 2.827286718335290470e-10
1.602857314656369507e-11 6.112241987487085634e-11 1.007478040463357886e-10 1.733559742307701289e-10 2.558544809230026123e-10 3.253384426011431736e-10 3.632334082370272072e-10 4.052386316641422597e-10 3.888758457252598680e-10
1.469737865789108227e-11 7.068579603551826317e-11 1.221154151508890240e-10 1.948784251725038045e-10 2.671829591764970885e-10 3.294149932099237923e-10 4.052386316641422597e-10 5.644651211496593435e-10 6.609370764863328146e-10
1.045210672541834226e-11 7.412330111633675979e-11 1.342306146991957809e-10 1.949490084594104306e-10 2.431492222771417058e-10 2.827286718335290470e-10 3.888758457252598680e-10 6.609370764863328146e-10 8.867146329089170871e-10
