2.965675246003071125e-15 2.757962402344186869e-15 3.724878919231693744e-15 6.691767070193805775e-15 9.825050157946387343e-15 1.371937818844306193e-14 1.790664591406179662e-14 2.272972616491046681e-14 2.749233872918543957e-14
2.757962402344186869e-15 9.772094454782678075e-15 1.381912153047101162e-14 1.985697510225122164e-14 2.999436324689347398e-14 4.229444030201612747e-14 5.581649815579286756e-14 7.117459063467838991e-14 8.674481032121183854e-14
3.724878919231693744e-15 1.381912153047101162e-14 3.012481065038098076e-14 4.649731744487797589e-14 6.565176587734458751e-14 9.182771099465532259e-14 1.221635180571693852e-13 1.562335541115873518e-13 1.908322581472682046e-13
6.691767070193805775e-15 1.985697510225122164e-14 4.649731744487797589e-14 8.620503564679799647e-14 1.268018564338997956e-13 1.754338484829183608e-13 2.314744865238106940e-13 2.982331186151674553e-13 3.669368692825822967e-13
9.825050157946387343e-15 2.999436324689347398e-14 6.565176587734458751e-14 1.268018564338997956e-13 2.025698707480815168e-13 2.883403082726291488e-13 3.837298899813828612e-13 4.936026218718721586e-13 6.109747950193977206e-13
1.371937818844306193e-14 4.229444030201612747e-14 9.182771099465532259e-14 1.754338484829183608e-13 2.883403082726291488e-13 4.300449794269078149e-13 5.830737049602811100e-13 7.585086355650667117e-13 9.432890674196877694e-13
1.790664591406179662e-14 5.581649815579286756e-14 1.221635180571693852e-13 2.314744865238106940e-13 3.837298899813828612e-13 5.830737049602811100e-13 8.160814994598823113e-13 1.077742517355187341e-12 1.355142281621012036e-12
2.272972616491046681e-14 7.117459063467838991e-14 1.562335541115873518e-13 2.982331186151674553e-13 4.936026218718721586e-13 7.585086355650667117e-13 1.077742517355187341e-12 1.457987140400771446e-12 1.858204246371383955e-12
2.749233872918543957e-14 8.674481032121183854e-14 1.908322581472682046e-13 3.669368692825822967e-13 6.109747950193977206e-13 9.432890674196877694e-13 1.355142281621012036e-12 1.858204246371383955e-12 2.410913566180866797e-12
