1.334470448492892291e-14 9.609626719305001430e-15 1.151956843497759697e-14 1.951562945691340782e-14 2.804077808771667051e-14 3.883882282589095032e-14 4.978305779133822089e-14 6.117946428273574397e-14 7.415876067690136575e-14
9.609626719305001430e-15 3.517461691609326279e-14 4.298588857158161750e-14 5.409897459064110521e-14 8.021975820486331849e-14 1.104157683324876329e-13 1.421285576160570463e-13 1.761670023062623269e-13 2.108254266126838287e-13
1.151956843497759697e-14 4.298588857158161750e-14 9.808931909029909457e-14 1.387566387788402698e-13 1.813978231413055706e-13 2.439091183458938101e-13 3.166639993782221796e-13 3.967386563729760850e-13 4.784009997779917038e-13
1.951562945691340782e-14 5.409897459064110521e-14 1.387566387788402698e-13 2.590074777560624342e-13 3.605442953235973692e-13 4.727464491366053460e-13 6.032541654035483018e-13 7.641941183699276265e-13 9.297296929417297768e-13
2.804077808771667051e-14 8.021975820486331849e-14 1.813978231413055706e-13 3.605442953235973692e-13 5.730599716535775912e-13 7.831573123508200472e-13 1.010977617974115126e-12 1.265896631416769146e-12 1.544558935826005581e-12
3.883882282589095032e-14 1.104157683324876329e-13 2.439091183458938101e-13 4.727464491366053460e-13 7.831573123508200472e-13 1.155335976087425347e-12 1.529097009815677854e-12 1.941066305736005413e-12 2.371340205256540927e-12
4.978305779133822089e-14 1.421285576160570463e-13 3.166639993782221796e-13 6.032541654035483018e-13 1.010977617974115126e-12 1.529097009815677854e-12 2.129799654432576834e-12 2.756976929894999273e-12 3.414451901490247605e-12
6.117946428273574397e-14 1.761670023062623269e-13 3.967386563729760850e-13 7.641941183699276265e-13 1.265896631416769146e-12 1.941066305736005413e-12 2.756976929894999273e-12 3.706424800692473177e-12 4.668737264080955601e-12
7.415876067690136575e-14 2.108254266126838287e-13 4.784009997779917038e-13 9.297296929417297768e-13 1.544558935826005581e-12 2.371340205256540927e-12 3.414451901490247605e-12 4.668737264080955601e-12 6.041159202541478122e-12
